9810071055429520
2953982985076546
6184441187108029
3865509948244113
7503942249157750
2271791377630135
7485033466151357
9015401653501831
0147110632588842
4677018389843570
8597180823669923
5321503129467150
8566259644383407
6948978538525902
5995553993631378
4839018758765203
9466801408291152
7285201409452706
4321016867381686
1097116584108933
5703134477270057
8419466384639432
7193373771486372
3947236556269933
1124723727014056
2771110663508173
7456992068208495
5304087106182241
6683701278112547
4963825852843234
2614211161733206
2582175054709315
9937385143601337
7064579792237750
0841885734155641
9332695146676005
8730206395789661
5358468857406274
3607137600981861
7296738132699154
9265816017041787
9557242351765696
1222831899978586
4846913032594688
8955841750619237
8543174789197032
2422490836174594
0057067030312013
3931352391928336
0074522485800784
8504489050993642
3954392711895505
5895725625196178
8172268916379302
4928010993251094
2720071363421505
2942577990343949
7413789572473298
1478716998145060
3371681684015977
8966789984120067
6277013725246341
2080615014189612
0279948129445518
8973768157017724
7612021195469807
4302742485642568
0738504713908524
4402792891712477
1485558694377532
0139109240245453
8392357619913851
7438731527952746
4512891114205294
0862875373666656
4767820338885515
5494153258022130
2142724645968004
5295831751697130
2834403735297272
0029279904716491
1429116139250396
7504828623664542
0912295269231968
8126174297312115
9282310402722246
8891798660939692
1091603089358780
2576669354131086
6404643744960977
0675154995601211
1068443800242149
1530363715825171
8308582246022572
3204837151524698
4487123407292953
1262866723506084
8911997926160686
6168243211282772
3071161194098217
9572153585186869
0492284280872060
6129986220432684
1654244432585076
6477072969533202
2422948458848411
8392547704796029
8287822645857688
0085807234948518
4580930402938344
8984247070352397
6534701632531477
6100803512265162
1628234149440268
4575013676379643
4586191595479425
5227607797902724
7187621548033434
5441508721821143
6861890992609511
5542159213271489
2626644337183959
5216071377519451
0036779438167788
7643216999108223
3940543577818673
4948477421625867
1919216351906120
6868773742105583
5701835537993757
2571118228946592
1816656842564165
3154952927126817
2999260721209420
6740759499723367
1977121411791179
8550161853747323
2528428382024202
8483302804878294
6446047463034654
5810590382751514
8442820131690691
1318786714866523
8707221037446629
3318871716111536
4881906567884280
4963015769006703
9814972564961630
0887502044987077
5040367887223414
3107128880946249
1243406113215995
8983036322060446
6886506429524577
3221624612829969
2942461081571505
8596797726170008
5990189383563490
3409568755516453
8671649752936793
8243497871129180
6275585300349034
0066221022421420
0218218521065874
8605390761610217
0227646326671323
4022163649905256
0909335645315779
1600461423386842
9276283906184782
8489224293656754
5880094378598699
8769149706765157
9737388520834184
0235913656361156
3354804807763026
0828599421701934
6457412713967642
7040531448584052
3826360349871138
6018196393090108
6859237856102958
6969855749872267
5551950766960510
8136982369660456
4215225925783359
4465805615807140
0280121582234738
8683074456901597
2274571722446102
8561250228510696
0666418873090095
0200986661143264
0022988322449627
5770976001832230
9132293826250839
9866858833240787
6929312070167544
8154218244924846
8071463042145605
1971162952144273
8794027237744673
6567358787940265
5620115591039018
8029022476354938
1228731401794557
2167844919087855
5210533486699425
7262400979987734
1459280165439962
3139929105219822
5704582393527240
3392398336310191
2567397184703679
3917442229515637
1234630357325796
1334067868887991
1326208248333993
2275947687770740
3830933394256323
5548799845411781
8952196044903176
3423357030710071
3141473958495223
5439768560638141
7185137483134515
6963447973536648
1624195775146303
1600254292081372
0181326876779784
7800041240818025
1908652343736926
6358009621640820
7077726886548870
7109489698613515
3543701977842617
2074204018746366
8026499037420006
0194999097605374
3595370223986516
5658045390605912
8014601030787702
7427255516158352
7799441763950977
0893241808702501
8923151427142434
0601216568829240
7927657074640167
6847161282456895
4894348284939500
3164221401108609
1169473420708631
1289512724651335
6168874444913647
2259298679224348
1343874698154340
7450433597868881
5577061246138218
5581322712159667
2176215981291453
5067896351287890
6642503680426310
3601576335655535
0973173241164224
6696595608123341
3814644086526267
5275801168300660
6790519914616118
8194466311190528
3849158091593085
6309225172752964
3399488325797270
0020979163886810
4582469605692794
2559452477987318
7395397575439217
7132974258866107
1311501835612173
4428627855140677
2633347857093639
3309838473036498
9120469242192458
1397392075394017
0900173884647980
9648037338363955
9457543286045091
4042606185829036
1976491943464607
4271669335170532
6758699828667193
3966706536722543
3777062632260326
1335352882504801
0511766374450766
1629482973985700
9039283386176018
9404945858555096
8883177723491246
0253893659766034
6996978543675989
2076544554717764
6172876924112178
9139627826291890
1258462708935794
1294858392509342
1027496814443777
6940005523953094
4098806109226531
2862229305399428
6234025640524218
5962881646282175
8692948387211118
1556747955062837
0050470888521501
9237836366315053
1818189288091462
3375274028298394
7900356071046936
6053858102044507
5397817275623258
0436238928504770
1351665997987413
5452385625669684
0309287112277751
7880567569589973
7481128465396350
0309402331629420
5775750906342422
6437959556217825
5522973267242686
0251635447680441
5231011445821665
0621382505832223
6552927673309707
7841920613878729
5145855428221370
0863671225784924
7939017634049710
0533357429795905
9861081561303546
5853810883451344
7252959688681950
3167458244674160
9272701729969514
4421757350255150
1207546618764784
7716018904442218
9361572259697122
1326889373237464
4260111082051182
7617235844474462
4711995880378271
8227308100597217
5925330608928983
4649660104722379
3086078831572707
0111027969427704
3740884971193945
7927677363163702
4917843873626040
2874968687083444
4020546400414785
4175148208512640
6552913556583647
5764983862728793
5840621182000517
1767631224253788
9496835605175510
2973066287656003
4340320479845494
7275778957130415
4363205659144233
6113050315847697
8298663599011575
2641092585379638
8539467307802752
5938231344208787
6948012049409006
7572350828300648
6333407087554681
1102058162102340
6261877082189807
7538211324097974
2192310329330578
9038719096395773
9203977819616044
7042321834027076
4378078337343660
0070301370900129
4245036418961670
8896534809978857
3104369029830651
7047511177688460
2483797682443241
4584816963337269
3358813075155118
3941304524764691
1133398377386662
2234463053019457
6549915989408326
9939615898968415
7297132781950557
8416940033553735
9303372770390061
6965029890444626
8857762690154994
1677381318244861
4276915532600415
1639271932432686
9637951128805835
1078989729628550
2584028342156200
5336623781494423
3907615898011202
4015926655072714
9213500672086487
6551823966288661
1851302263869091
6308020405306553
0614524019382645
5283289565975107
1335988505539518
3120810650181134
2753110936126480
1933730859000512
7020467292690112
0079099947922025
7891922615544621
6031108337776734
8204952671361853
6949879982808858
0126829192805579
8600241678607829
8323119013116586
7447517746012373
1465535132385058
0937636163874193
3821257406366674
0571678709945880
4572625669922885
2039880298267172
7188256029141170
8612340815622413
8113458651532118
5856039123388319
3004502388905443
0537850361074610
0267815582096029
8925134960489806
2498487966132931
1465526203054126
1532655432175560
0255842237150640
1517718630445970
1158815479462999
4638225607283648
0750160286058633
6723397623853240
4505138524062254
6466300269003304
8172855216194539
7171386978447730
4173759561785422
6923854629071804
1109267795325122
7397150052059395
6685732086553190
